{"pos": {"192.168.10.3": [0.103836125221906, -0.08174596804735357], "192.168.10.16": [-0.43493077087862764, -0.25132599481467816], "192.168.10.50": [-0.07999215002416485, -0.23879639681369227], "192.168.10.14": [0.38944087036538333, -0.35230323802720953], "192.168.10.25": [-0.16273065826983393, 0.019065118603624677], "192.168.10.17": [-0.11070188698988917, 0.2666360244857727], "192.168.10.51": [-0.007794156664231, -0.4843697425471576], "192.168.10.8": [0.24355032792022346, -0.52], "192.168.10.12": [-0.31892531139307057, -0.5015944474207122], "192.168.10.19": [-0.52, 0.08928607337389804], "192.168.10.9": [0.3803627908812808, 0.16462472827226185], "192.168.10.5": [0.21272270898150325, 0.52], "192.168.10.15": [0.52, -0.07499903475519813]}, "topologyEdges": [["192.168.10.3", "192.168.10.50"], ["192.168.10.50", "192.168.10.51"], ["192.168.10.50", "192.168.10.25"], ["192.168.10.51", "192.168.10.8"], ["192.168.10.51", "192.168.10.12"], ["192.168.10.19", "192.168.10.16"], ["192.168.10.17", "192.168.10.25"], ["192.168.10.16", "192.168.10.12"], ["192.168.10.9", "192.168.10.15"], ["192.168.10.9", "192.168.10.5"], ["192.168.10.8", "192.168.10.14"], ["192.168.10.14", "192.168.10.15"]], "risk_mean": {"192.168.10.3": 1.998545986291757, "192.168.10.16": 2.0, "192.168.10.50": 1.600754595344626, "192.168.10.14": 1.5020017666503105, "192.168.10.25": 1.5839722188195573, "192.168.10.17": 1.83125650791558, "192.168.10.51": 1.7731006753412177, "192.168.10.8": 1.8174088015594019, "192.168.10.12": 1.615451268568718, "192.168.10.19": 1.467056116322019, "192.168.10.9": 1.535474125922993, "192.168.10.5": 1.6651032460953503, "192.168.10.15": 1.9929126031914064}, "risk_cov": [[0.44736600126330206, 0.44723163809715377, 0.35795415263219216, 0.33587074338503714, 0.3542013683265784, 0.4094977569725634, 0.396492979462647, 0.40640123671140543, 0.3612407568719609, 0.32805717052147465, 0.34335587760884506, 0.37234325700668697, 0.44564650198911937], [0.44723163809715377, 0.4480167004058519, 0.3582145311753158, 0.33611509932312755, 0.35445896050596537, 0.409795915630523, 0.39678164434823254, 0.4066971546592555, 0.3615034843821455, 0.3282959779212928, 0.34360575784772496, 0.3726145344308999, 0.44597085830627514], [0.35795415263219216, 0.3582145311753158, 0.2871703022113623, 0.2690175891280464, 0.28370497804002387, 0.3279883624647532, 0.31757158867532365, 0.3255124107747061, 0.28934051028690855, 0.2627646552949949, 0.27501002122684026, 0.2982289732381912, 0.35694335893219764], [0.33587074338503714, 0.33611509932312755, 0.26901758912804646, 0.25288487508523927, 0.2661970361867097, 0.30775782214311465, 0.2979851109470941, 0.3054296997872041, 0.2714871909055461, 0.24654825411688797, 0.25805044704402336, 0.2798347611616333, 0.33492540960498646], [0.3542013683265784, 0.35445896050596537, 0.28370497804002387, 0.2661970361867097, 0.2811902663999344, 0.3245495835856399, 0.31424196538493754, 0.3220995867622159, 0.28630723461262303, 0.26000986312878394, 0.2721266464824669, 0.29510209937943793, 0.3532010271760847], [0.4094977569725634, 0.409795915630523, 0.3279883624647531, 0.30775782214311465, 0.3245495835856399, 0.3756823825367404, 0.36330708594910344, 0.3723825580575697, 0.331001532499654, 0.30059400501120137, 0.31461835989964637, 0.3411787449208077, 0.4083447497719935], [0.39649297946264705, 0.39678164434823254, 0.3175715886753237, 0.29798511094709407, 0.3142419653849376, 0.36330708594910344, 0.35222962883561904, 0.3605565409934282, 0.3204890114941436, 0.2910470239312627, 0.3046277826233236, 0.3303441916834579, 0.3953771436344063], [0.4064012367114056, 0.40669715465925554, 0.3255124107747061, 0.30542969978720413, 0.3220995867622159, 0.3723825580575697, 0.3605565409934284, 0.37002813984302474, 0.32849942542280036, 0.2983254671125616, 0.3122349312822916, 0.33859594563358975, 0.4052555113479195], [0.3612407568719609, 0.36150348438214575, 0.28934051028690855, 0.27148719090554607, 0.286307234612623, 0.33100153249965414, 0.3204890114941437, 0.32849942542280036, 0.2924567266664438, 0.26517444624962794, 0.27753739829514557, 0.30096873706794647, 0.3602211668927241], [0.3280571705214746, 0.3282959779212927, 0.2627646552949949, 0.246548254116888, 0.26000986312878394, 0.30059400501120126, 0.29104702393126275, 0.2983254671125616, 0.26517444624962794, 0.2412784647697391, 0.2520399691395883, 0.27332037283524396, 0.3271305947175213], [0.3433558776088452, 0.3436057578477249, 0.2750100212268402, 0.2580504470440234, 0.2721266464824669, 0.3146183598996464, 0.3046277826233236, 0.3122349312822916, 0.27753739829514557, 0.2520399691395883, 0.2642633526146668, 0.2860730086869414, 0.3423901278657746], [0.372343257006687, 0.3726145344308998, 0.2982289732381912, 0.2798347611616333, 0.29510209937943793, 0.3411787449208077, 0.33034419168345797, 0.33859594563358975, 0.3009687370679465, 0.27332037283524396, 0.2860730086869414, 0.3106833295553093, 0.3712952645311818], [0.4456465019891194, 0.4459708583062751, 0.3569433589321975, 0.33492540960498646, 0.3532010271760847, 0.40834474977199353, 0.3953771436344064, 0.4052555113479195, 0.3602211668927241, 0.32713059471752126, 0.3423901278657746, 0.37129526453118167, 0.44485077079122565]], "funcEdges": [[0.0, 0.39029656100848226, 0.6289311921156446, 0.5066434024106016, 0.4931682567254828, 0.4234556638347735, 0.40668685968428886, 0.5488072980720174, 0.3920951218058769, 0.3728641111624387, 0.5055410044546989, 0.2183264464330018, 0.42969317732241735], [0.39029656100848226, 0.0, 0.3662506252577313, 0.24893958349863438, 0.17403814619526395, 0.26033934064085285, 0.16012281829524735, 0.1379872157511236, 0.43448228735181643, 0.10326561532624279, 0.06674276565807881, 0.04473975894641919, 0.12852305532825295], [0.6289311921156446, 0.3662506252577313, 0.0, 0.33031229907287374, 0.4722803251326443, 0.15510145315278343, 0.2551559097947764, 0.3894053904940484, 0.3557971397655698, 0.24325068227528945, 0.2059841733837314, 0.10887876361793612, 0.20774475420742994], [0.5066434024106016, 0.24893958349863438, 0.33031229907287374, 0.0, 0.1770768995440545, 0.08586838253411007, 0.16492706497074974, 0.20015827721692636, 0.23902783117517631, 0.07140386255402094, 0.0755401410617071, 0.06981634793687745, 0.14923884786870906], [0.4931682567254828, 0.17403814619526395, 0.4722803251326443, 0.1770768995440545, 0.0, 0.14917027925524604, 0.16168248778065145, 0.3033514583924105, 0.22615167409051826, 0.20505738170238288, 0.17734247613677018, 0.12105053951337241, 0.20983481066287826], [0.4234556638347735, 0.26033934064085285, 0.15510145315278343, 0.08586838253411007, 0.14917027925524604, 0.0, 0.23035242013443957, 0.12585072297134242, 0.12125908656822493, 0.23594102645938436, 0.12604257369930816, 0.08965972019008808, 0.256215697258559], [0.40668685968428886, 0.16012281829524735, 0.2551559097947764, 0.16492706497074974, 0.16168248778065145, 0.23035242013443957, 0.0, 0.15967463650497157, 0.125889413363257, 0.18002880289682185, 0.26000306484299474, 0.04725133144078387, 0.19151517589394723], [0.5488072980720174, 0.1379872157511236, 0.3894053904940484, 0.20015827721692636, 0.3033514583924105, 0.12585072297134242, 0.15967463650497157, 0.0, 0.15471110138068925, 0.07074472162460467, 0.10384827064731199, 0.13739333293490125, 0.11134567145206486], [0.3920951218058769, 0.43448228735181643, 0.3557971397655698, 0.23902783117517631, 0.22615167409051826, 0.12125908656822493, 0.125889413363257, 0.15471110138068925, 0.0, 0.23257293650485106, 0.10519597934749902, 0.05148377438482592, 0.10281239351286127], [0.3728641111624387, 0.10326561532624279, 0.24325068227528945, 0.07140386255402094, 0.20505738170238288, 0.23594102645938436, 0.18002880289682185, 0.07074472162460467, 0.23257293650485106, 0.0, 0.08896133684177741, 0.08043116928326609, 0.05362339248139949], [0.5055410044546989, 0.06674276565807881, 0.2059841733837314, 0.0755401410617071, 0.17734247613677018, 0.12604257369930816, 0.26000306484299474, 0.10384827064731199, 0.10519597934749902, 0.08896133684177741, 0.0, 0.013283981402690138, 0.17387613226048504], [0.2183264464330018, 0.04473975894641919, 0.10887876361793612, 0.06981634793687745, 0.12105053951337241, 0.08965972019008808, 0.04725133144078387, 0.13739333293490125, 0.05148377438482592, 0.08043116928326609, 0.013283981402690138, 0.0, 0.06546048542369096], [0.42969317732241735, 0.12852305532825295, 0.20774475420742994, 0.14923884786870906, 0.20983481066287826, 0.256215697258559, 0.19151517589394723, 0.11134567145206486, 0.10281239351286127, 0.05362339248139949, 0.17387613226048504, 0.06546048542369096, 0.0]], "entityColors": {"192.168.10.3": [0.0, 1.0, 1.0, 1.0], "192.168.10.16": [0.0, 1.0, 1.0, 1.0], "192.168.10.50": [0.0, 1.0, 1.0, 1.0], "192.168.10.14": [0.0, 1.0, 1.0, 1.0], "192.168.10.25": [0.0, 1.0, 1.0, 1.0], "192.168.10.17": [0.0, 1.0, 1.0, 1.0], "192.168.10.51": [0.0, 1.0, 1.0, 1.0], "192.168.10.8": [0.0, 1.0, 1.0, 1.0], "192.168.10.12": [0.0, 1.0, 1.0, 1.0], "192.168.10.19": [0.0, 1.0, 1.0, 1.0], "192.168.10.9": [0.0, 1.0, 1.0, 1.0], "192.168.10.5": [0.0, 1.0, 1.0, 1.0], "192.168.10.15": [0.0, 1.0, 1.0, 1.0]}, "clusAssignments": {"192.168.10.3": 0, "192.168.10.16": 0, "192.168.10.50": 0, "192.168.10.14": 0, "192.168.10.25": 0, "192.168.10.17": 0, "192.168.10.51": 0, "192.168.10.8": 0, "192.168.10.12": 0, "192.168.10.19": 0, "192.168.10.9": 0, "192.168.10.5": 0, "192.168.10.15": 0}, "extras": {"n_cluster": 1, "diam_xy": 1.3, "diam_z": 2, "radius": 0.5172535650486598, "clusters": [0]}}