{"pos": {"192.168.10.50": [0.23730826579332207, 0.36553659481058987], "192.168.10.16": [-0.2502520517516149, 0.5004435149090627], "192.168.10.12": [0.5054893553305361, -1.0103105356460487], "192.168.10.51": [-0.8683135017453212, 0.013679679544039078], "192.168.10.5": [1.0800467563695286, 0.4040680734733099], "192.168.10.3": [-0.09412098504908087, -0.07127066523916567], "192.168.10.8": [-0.24369736000584755, -0.9181453378811599], "192.168.10.25": [0.6339457517927518, -0.05315789300971722], "192.168.10.19": [0.06931922117649, -0.5093734556278403], "192.168.10.15": [-0.15350429606581578, 1.4088850013092986], "192.168.10.9": [-0.9018544933557314, -0.6587209888009029], "192.168.10.17": [0.9055865811412556, -0.5359229527062931], "192.168.10.14": [-0.9199532436304716, 1.0642889648648237]}, "topologyEdges": [["192.168.10.50", "192.168.10.16"], ["192.168.10.50", "192.168.10.12"], ["192.168.10.50", "192.168.10.51"], ["192.168.10.50", "192.168.10.8"], ["192.168.10.50", "192.168.10.3"], ["192.168.10.50", "192.168.10.5"], ["192.168.10.50", "192.168.10.25"], ["192.168.10.50", "192.168.10.17"], ["192.168.10.50", "192.168.10.19"], ["192.168.10.50", "192.168.10.14"], ["192.168.10.50", "192.168.10.15"], ["192.168.10.50", "192.168.10.9"]], "risk_mean": {"192.168.10.50": 1.8942409745997397, "192.168.10.16": 1.6467647732853885, "192.168.10.12": 1.5382543712392298, "192.168.10.51": 1.8931168466081403, "192.168.10.5": 1.801972788938241, "192.168.10.3": 1.9419139532198344, "192.168.10.8": 1.5052867162937904, "192.168.10.25": 2.0, "192.168.10.19": 0.5854097048838942, "192.168.10.15": 1.5820885615984934, "192.168.10.9": 1.5809031955756103, "192.168.10.17": 1.845742208369957, "192.168.10.14": 1.3916020294595997}, "risk_cov": [[0.40823419637148084, 0.3544778116497391, 0.33112048593690274, 0.4075078511204377, 0.38788735564795324, 0.4180114212762552, 0.3240226440817356, 0.4305140587019543, 0.1260092897650258, 0.3405579821305429, 0.3402995653924976, 0.39731025248089397, 0.2995543332069918], [0.3544778116497392, 0.3086534385112491, 0.2878641086999569, 0.35426799969755496, 0.33720912936153646, 0.36339823135888755, 0.28169191645384967, 0.3742689830548115, 0.10954963335665273, 0.2960633800756239, 0.29583847748111153, 0.34540188321561394, 0.26041964018252156], [0.3311204859369028, 0.2878641086999569, 0.26938116673259394, 0.33092466629209527, 0.3149887710498389, 0.3394526071580307, 0.26313059729282356, 0.3496073562717351, 0.10233149465343408, 0.276554945270198, 0.2763437363106968, 0.3226424312518317, 0.24326078548107827], [0.4075078511204377, 0.35426799969755485, 0.33092466629209516, 0.40774997905667987, 0.3876563046918691, 0.41776277835835063, 0.3238301113415621, 0.4302582995074911, 0.12593528280795102, 0.340355442495069, 0.34009665969214653, 0.3970743374370095, 0.2993766244527762], [0.38788735564795324, 0.33720912936153646, 0.314988771049839, 0.38765630469186924, 0.369478320366341, 0.3976497628658303, 0.30824001088441655, 0.40954332593104353, 0.11987236784224517, 0.32396815354039, 0.3237258001841994, 0.3779558520714928, 0.2849601549412741], [0.4180114212762552, 0.36339823135888755, 0.33945260715803066, 0.41776277835835063, 0.39764976286583026, 0.4290153492519289, 0.33217752869686273, 0.44134868121241105, 0.12918102139770155, 0.34912816131545266, 0.34886491939524783, 0.4073087433103292, 0.3070918732416223], [0.3240226440817356, 0.28169191645384967, 0.2631305972928236, 0.32383011134156225, 0.3082400108844166, 0.33217752869686273, 0.25797697276658255, 0.3421146666446777, 0.10013969437631592, 0.27062684322300395, 0.2704248996974776, 0.3157259091583893, 0.23804396803144182], [0.4305140587019544, 0.3742689830548116, 0.3496073562717351, 0.4302582995074913, 0.4095433259310434, 0.44134868121241116, 0.3421146666446777, 0.4550341070494174, 0.13304712475538352, 0.359570149938395, 0.35929944160262145, 0.41949117893662763, 0.3162775060919044], [0.1260092897650258, 0.10954963335665273, 0.10233149465343408, 0.12593528280795105, 0.11987236784224516, 0.12918102139770157, 0.10013969437631594, 0.13304712475538352, 0.039435444408707436, 0.10524336330433023, 0.10516718084472879, 0.12278301817687881, 0.09257261055543231], [0.34055798213054295, 0.2960633800756239, 0.27655494527019797, 0.340355442495069, 0.32396815354039, 0.34912816131545277, 0.27062684322300407, 0.3595701499383949, 0.10524336330433026, 0.2849231929848149, 0.28422227580550324, 0.331838488869008, 0.25019090441138336], [0.3402995653924976, 0.29583847748111153, 0.2763437363106968, 0.3400966596921466, 0.3237258001841994, 0.34886491939524783, 0.2704248996974777, 0.3592994416026215, 0.10516718084472876, 0.28422227580550324, 0.28449561038959403, 0.33158647047689005, 0.24999886333542587], [0.39731025248089397, 0.34540188321561394, 0.3226424312518316, 0.3970743374370095, 0.3779558520714928, 0.4073087433103292, 0.3157259091583893, 0.41949117893662763, 0.12278301817687878, 0.3318384888690079, 0.33158647047689005, 0.3876218803100576, 0.2918844383074081], [0.2995543332069918, 0.26041964018252167, 0.24326078548107827, 0.2993766244527761, 0.2849601549412741, 0.3070918732416223, 0.23804396803144182, 0.3162775060919044, 0.09257261055543228, 0.2501909044113833, 0.24999886333542587, 0.2918844383074081, 0.2205551367196224]], "funcEdges": [[0.0, 0.31096953785309145, 0.31620591700901796, 0.2545875947051406, 0.25057926636052436, 0.6236472793521878, 0.26948172860307884, 0.46156001103991684, 0.2693929839392389, 0.23974166173945885, 0.21981642474507757, 0.22232961525284642, 0.19471887640141122], [0.31096953785309145, 0.0, 0.2526183773528767, 0.1536543510385031, 0.13089067339476462, 0.4444776415108567, 0.14086543227311882, 0.15865745481915644, 0.16577668477627164, 0.16306701335425808, 0.1157268324437506, 0.24889855294413005, 0.20118889365368706], [0.31620591700901796, 0.2526183773528767, 0.0, 0.09556281490613334, 0.15469363104144274, 0.394649117993743, 0.15571117479078017, 0.2520175420461088, 0.20553812523451, 0.00838193326798138, 0.11451785002107029, 0.15712944683433888, 0.016579198452592238], [0.2545875947051406, 0.1536543510385031, 0.09556281490613334, 0.0, 0.09935078848042844, 0.3508649122193489, 0.1561780011168963, 0.17140526393715722, 0.16979939597185267, 0.03504184695839459, 0.1826911066688765, 0.15532817876744645, 0.12269945015906977], [0.25057926636052436, 0.13089067339476462, 0.15469363104144274, 0.09935078848042844, 0.0, 0.3847305552771478, 0.1807470463915086, 0.15398198345670752, 0.06923211009419224, 0.03668664267397339, 0.04833130947645709, 0.14115024424564837, 0.022155261474952205], [0.6236472793521878, 0.4444776415108567, 0.394649117993743, 0.3508649122193489, 0.3847305552771478, 0.0, 0.49074152765337564, 0.45770036828065197, 0.3576815440255946, 0.17846890793523398, 0.45226974470920656, 0.4371359568852733, 0.1939811232756794], [0.26948172860307884, 0.14086543227311882, 0.15571117479078017, 0.1561780011168963, 0.1807470463915086, 0.49074152765337564, 0.0, 0.22631770598160925, 0.06899342490242528, 0.04364109472234062, 0.10877958168598156, 0.18160755481128055, 0.08198126656939181], [0.46156001103991684, 0.15865745481915644, 0.2520175420461088, 0.17140526393715722, 0.15398198345670752, 0.45770036828065197, 0.22631770598160925, 0.0, 0.17734439722653628, 0.04316654051357868, 0.17922849269254315, 0.16639594147296113, 0.07351078666150786], [0.2693929839392389, 0.16577668477627164, 0.20553812523451, 0.16979939597185267, 0.06923211009419224, 0.3576815440255946, 0.06899342490242528, 0.17734439722653628, 0.0, 0.16490508176286292, 0.09415463892081193, 0.23661599885153045, 0.08827155046501649], [0.23974166173945885, 0.16306701335425808, 0.00838193326798138, 0.03504184695839459, 0.03668664267397339, 0.17846890793523398, 0.04364109472234062, 0.04316654051357868, 0.16490508176286292, 0.0, 0.049907005084235144, 0.02735611030796828, 0.5139273920592116], [0.21981642474507757, 0.1157268324437506, 0.11451785002107029, 0.1826911066688765, 0.04833130947645709, 0.45226974470920656, 0.10877958168598156, 0.17922849269254315, 0.09415463892081193, 0.049907005084235144, 0.0, 0.1044875368005088, 0.04385118224470924], [0.22232961525284642, 0.24889855294413005, 0.15712944683433888, 0.15532817876744645, 0.14115024424564837, 0.4371359568852733, 0.18160755481128055, 0.16639594147296113, 0.23661599885153045, 0.02735611030796828, 0.1044875368005088, 0.0, 0.032146099568941454], [0.19471887640141122, 0.20118889365368706, 0.016579198452592238, 0.12269945015906977, 0.022155261474952205, 0.1939811232756794, 0.08198126656939181, 0.07351078666150786, 0.08827155046501649, 0.5139273920592116, 0.04385118224470924, 0.032146099568941454, 0.0]]}